1165058725176074241
1165057706769747970
1165057332365156353
1165057268150427648
1165057165062750209
1165056787122458625
1165051075206033414
1165046369532465153
1165031363013218306
1164967061803737088
1164964627412860933
1164956957352038400
1164929249020645382
1164927749687009280
1164908083979726849
1164907982062325760
1164905519359897600
1164903267995922432
1164882596276445185
1164876922175856641
1164873046248820736
1164872258424172544
1164871898116890624
1164871008903421952
1164753554080321538
1164751660607918080
1164751555859369984
1164751494144380928
1164749701112926208
1164748706110820353
1164745488060436481
1164717647411515392
1164713028618772481
1164690438881763331
1164683118395240453
1164681651353456641
1164678967540047873
1164671978143408128
1164670450296860677
1164666466320470017
1164664713789227008
1164657050191847425
1164655713500704774
1164655565194313735
1164655265888837632
1164639805982027776
1164624597876117504
1164624316706824194
1164623789788999683
1164613879982448640
1164612783121543169
1164611626483535872
1164598489227177985
1164579892744380416
1164575980477931520
1164573574541271042
1164571056713191425
1164550449158074369
1164549371490443271
1164548583288389637
1164547185410760704
1164546167054721025
1164538948296871936
1164502958169571328
1164495912602877952
1164492041402953730
1164395180209987584
1164380855122485248
1164380278867075072
1164379812431106048
1164378109157793793
1164377955268812800
1164377002713014273
1164373576583122945
1164367374486790144
1164346229070999554
1164343441737826305
1164313412945502208
1164311217135071234
1164305673271828485
1164295993749323777
1164280319119364096
1164248978826940416
1164223256561369089
1164221994541469696
1164219710289920000
1164212978046160898
1164205172962340864
1164185119034400768
1164175693749600256
1164172563796439040
1164139534055084038
1164138997288984576
1164134761906020359
1164133597093122050
1163977910753091584
1163976659197943813
1163973684647944199
1163955016450891778
