1161071553091645441 
1161070348332412928 
1161064084957278208 
1161063954321424386 
1161054483893358595 
1161047970395111425 
1161045762006036480 
1156319070326857730 
1149328634303459329 
1125727363789197312 
1112657963808899075 
1108859454932635649 
1107819539755089920 
1107165375291105280 
1107149010534580224 
1100553335780851712 
1098917335887433728 
1098251179660902400 
1097617602833252352 
1097565566582157313 
1097565391705042945 
1097274225507946499 
1097274051775655937 
1096832954028957698 
1096537724604071936 
1092552060980076549 
1092551994643042311 
1092274501440679936 
1091313896500150272 
1090965509401505792 
1090965325968015361 
1090964817245024256 
1090260534023208961 
1090260193630273541 
1089948159835545601 
1089164411221217281 
1089163712689250305 
1089163155153014784 
1089163029449715713 
1088905953230155777 
1088905856371036160 
1088905275334164480 
1088905105355821057 
1088832325272649728 
1088782871567962112 
1088417976842366981 
1087723902711881728 
1086801530815201281 
1086800427662880768 
1086409454193655808 
1085682289269460993 
1085682153097175040 
1085367962008211456 
1085367910770593792 
1084092768480309248 
1083873317088624641 
1083873146283921408 
1083871655120855040 
1083155121444392960 
1082816854949801984 
1082782370057601025 
1082781312065433600 
1080966620888084480 
1078431466181275649 
1077929530902437888 
1077926917003710465 
1077921425024057344 
1077921141757566976 
1077921062971678722 
1077881033645834240 
1077874152135159808 
1077679300759957504 
1077633084776960000 
1077632423989530624 
1077616627955523584 
1077600362222227456 
1077595911562375168 
1077557201655468032 
1077536051604963328 
1077353605550751744 
1077353452349673473 
1077353193691066368 
1077336298237710337 
1077329850027966464 
1077329190188388353 
1077328217860726784 
1077327959952896000 
1077276432156581889 
1077243724818722816 
1076988669511303170 
1076986819105996801 
1076986705012551685 
1076463179763466241 
1076225631657099264 
1076164496710909953 
1076164234168492038 
1075790521145192448 
1075772085329252354 
1075771812728823809 
