1279863514627268609 
1278093038762569728 
1276290066307002369 
1276289605197856770 
1275750122232655874 
1275441509366501377 
1274877954963771399 
1274877646384640000 
1274860557808656384 
1274860305219231745 
1274858556572028928 
1274856879794110464 
1274850798846062593 
1274850617366847491 
1274364751066300417 
1273976842131832834 
1273976231025926144 
1273611876283408389 
1273611565514833925 
1273426504588890113 
1273074747232980992 
1273045243508768768 
1272706023648899073 
1272705967499722754 
1272702974322671616 
1272660861870620672 
1272659673582374914 
1272608398144671745 
1272604990603956225 
1272604770835013633 
1272530035514191872 
1271807202538422272 
1271806085767344129 
1271798157752623106 
1270873754592333824 
1270088380236398592 
1270040652219387904 
1270031455582859268 
1270028703553200131 
1268653252868034562 
1267902276083032064 
1267619277965799424 
1267609480868610050 
1267594249048121344 
1267285811642449925 
1267162504607784968 
1266734060346445824 
1266733268617003010 
1266395118086619136 
1266157177787605004 
1266151487312453635 
1265627202776948738 
1265123427138113541 
1265122901256286208 
1265081790039044104 
1265078924599590913 
1265078139270639618 
1265076800364953600 
1265076153078943749 
1265075919267549185 
1265072493246713856 
1265071978844753928 
1258218498880389120 
1257712270727172096 
1257530123722657793 
1257522077524992005 
1257513825819123712 
1257513118625914880 
1257510700190220289 
1257509420264820739 
1257505684209442818 
1257505107983335424 
1257504358222237698 
1257501995260350471 
1241697271667965952 
1241696699950784516 
